0
0
0
0
0
0
0
0
0
0
0
0
0
0
0
0
0
0
0
0
0
0
0
0
f
f
f
f
0
0
0
f
f
f
f
0
0
0
0
0
0
0
0
0
2
2
2
2
0
0
0
2
2
2
2
0
0
0
0
0
0
0
f
f
9
9
9
9
1
1
1
9
9
9
9
f
f
0
0
0
0
0
2
2
3
3
3
3
f
2
f
3
3
3
3
2
2
0
0
0
1
1
9
9
b
b
3
3
9
9
9
3
3
3
3
9
9
1
1
0
2
f
3
3
4
4
b
3
3
3
3
3
3
3
3
3
3
f
2
0
2
f
3
3
b
b
3
3
3
3
3
3
3
3
3
3
3
f
2
0
2
f
3
3
3
3
3
3
3
3
3
3
3
3
3
3
3
f
2
0
2
f
3
3
3
3
3
3
3
3
3
3
3
3
3
3
3
f
2
0
2
f
9
9
3
3
3
3
3
3
3
3
3
3
3
9
9
f
2
0
f
f
9
9
3
3
3
3
3
3
3
3
3
3
3
9
9
f
2
0
0
0
2
2
9
9
3
3
3
3
3
3
3
9
9
f
2
0
0
0
0
0
2
2
9
9
3
3
3
3
3
3
3
9
9
2
2
0
0
0
0
0
0
0
2
2
9
9
3
3
3
9
9
2
2
0
0
0
0
0
0
0
0
0
2
2
9
9
3
3
3
9
9
2
2
0
0
0
0
0
0
0
0
0
0
0
f
2
9
9
9
2
1
0
0
0
0
0
0
0
0
0
0
0
0
0
1
2
f
3
9
2
1
0
0
0
0
0
0
0
0
0
0
0
0
0
0
0
1
f
1
0
0
0
0
0
0
0
0
0
0
0
0
0
0
0
0
0
1
2
1
0
0
0
0
0
0
0
0
0
